RMSE: 136.394984
MAE: 135.673904
