RMSE: 1.454735
MAE: 1.186267
